# This file may be used to create an environment using:
# $ conda create --name <env> --file <this file>
# platform: win-32
backports=1.0=py36_0
backports.weakref=1.0rc1=py36_0
bleach=1.5.0=py36_0
certifi=2016.2.28=py36_0
html5lib=0.9999999=py36_0
libprotobuf=3.2.0=vc14_0
markdown=2.6.9=py36_0
mkl=2017.0.3=0
numpy=1.13.1=py36_0
pip=9.0.1=py36_1
protobuf=3.2.0=py36_0
python=3.6.2=0
pyyaml=3.12=py36_0
setuptools=36.4.0=py36_1
six=1.10.0=py36_0
tensorflow=1.2.1=py36_0
vs2015_runtime=14.0.25420=0
werkzeug=0.12.2=py36_0
wheel=0.29.0=py36_0
wincertstore=0.2=py36_0
zlib=1.2.11=vc14_0
